2 00
2 04
2 08
2 0C
0 42
0 44
2 10
2 14
2 18
0 46
1 4A
2 1C
2 20
2 24
0 64
0 66
2 28
2 2C
2 30        # branch para sub-rotina
2 10
2 14
0 42
0 44
2 18
2 1C
2 20
1 4C
0 68
0 6A
2 24
2 28
2 2C
2 30       # loop back
2 30
2 30
2 30
0 8C
0 8E
1 90
2 34
2 38
2 3C
0 42
0 43
2 40
2 44
2 48
0 70
1 72
2 4C
2 50
2 54
0 60
0 62
2 58
2 5C
2 60
1 4A
0 F0      # leitura de dispositivo / MMIO
1 F1      # escrita em I/O
2 64
0 6C
1 6C
2 68
2 6C
2 70
0 8F
2 74
2 78
2 7C
0 42
1 4E
2 80
2 84
2 88
0 42
1 4A
0 8C
0 8E
1 90
